1876	01	11.3
1876	02	11
1876	03	0.2
1876	04	9.4
1876	05	6.8
1876	06	17.2
1876	07	-5.6
1876	08	12.3
1876	09	10.5
1876	10	-8
1876	11	-2.7
1876	12	-3
1877	01	-9.7
1877	02	-6.5
1877	03	-4.7
1877	04	-9.6
1877	05	3.6
1877	06	-16.8
1877	07	-10.2
1877	08	-8.2
1877	09	-17.2
1877	10	-16
1877	11	-12.6
1877	12	-12.6
1878	01	-8.7
1878	02	-21.1
1878	03	-15.5
1878	04	-8.8
1878	05	2.1
1878	06	-3.1
1878	07	15.9
1878	08	13
1878	09	17.7
1878	10	10.9
1878	11	15.1
1878	12	17.9
1879	01	12.7
1879	02	14.3
1879	03	13.2
1879	04	12.7
1879	05	2.1
1879	06	16.4
1879	07	21.8
1879	08	22.6
1879	09	18.9
1879	10	15.2
1879	11	9.8
1879	12	-5.5
1880	01	10.8
1880	02	7.7
1880	03	14.3
1880	04	5.3
1880	05	12.3
1880	06	9.1
1880	07	1.6
1880	08	14.3
1880	09	8.1
1880	10	4.8
1880	11	7.2
1880	12	-1.9
1881	01	-7.3
1881	02	-5.5
1881	03	1.8
1881	04	0.3
1881	05	-4.3
1881	06	-4.7
1881	07	-5.6
1881	08	-11.4
1881	09	-13.6
1881	10	-23.9
1881	11	7.2
1881	12	9.8
1882	01	-6.8
1882	02	-1.3
1882	03	5.1
1882	04	1.2
1882	05	6.8
1882	06	-12
1882	07	-21.3
1882	08	-25.6
1882	09	-14.8
1882	10	-2.5
1882	11	2.6
1882	12	10.3
1883	01	6
1883	02	9.1
1883	03	-25.3
1883	04	14.4
1883	05	13.9
1883	06	3.4
1883	07	-10.2
1883	08	1.4
1883	09	-8.2
1883	10	4.8
1883	11	5.2
1883	12	-15.2
1884	01	-12.5
1884	02	-5
1884	03	9.4
1884	04	-15.4
1884	05	1.3
1884	06	9.1
1884	07	-3
1884	08	-5
1884	09	-7
1884	10	4.2
1884	11	-1.4
1884	12	-12.6
1885	01	-16.3
1885	02	1.6
1885	03	5.1
1885	04	-0.5
1885	05	-4.3
1885	06	-14.4
1885	07	-5
1885	08	-9.5
1885	09	-4
1885	10	-17.8
1885	11	-15.9
1885	12	5.2
1886	01	-0.6
1886	02	1.6
1886	03	2.9
1886	04	4.5
1886	05	6
1886	06	5
1886	07	7.4
1886	08	13.6
1886	09	13.5
1886	10	13.4
1886	11	10.5
1886	12	14.4
1887	01	12.2
1887	02	11
1887	03	10
1887	04	9.4
1887	05	-4.3
1887	06	5
1887	07	4.8
1887	08	4.6
1887	09	5.1
1887	10	4.8
1887	11	-5.3
1887	12	5.2
1888	01	-3
1888	02	-2.2
1888	03	-11.7
1888	04	-23.6
1888	05	-9.8
1888	06	-16
1888	07	-16.7
1888	08	-8.9
1888	09	-9.4
1888	10	-14.7
1888	11	-12.6
1888	12	-2.4
1889	01	-25.9
1889	02	-1.7
1889	03	-27.5
1889	04	-0.5
1889	05	-1.9
1889	06	22
1889	07	1.6
1889	08	2.1
1889	09	11.1
1889	10	4.2
1889	11	23
1889	12	22
1890	01	20.8
1890	02	11
1890	03	14.3
1890	04	6.9
1890	05	3.6
1890	06	5.8
1890	07	-2.3
1890	08	-3.1
1890	09	9.3
1890	10	3.6
1890	11	2.6
1890	12	0.6
1891	01	15.6
1891	02	-3.6
1891	03	-9.5
1891	04	4.5
1891	05	-0.3
1891	06	-1.5
1891	07	-6.3
1891	08	-8.9
1891	09	-10.6
1891	10	0.6
1891	11	-4.7
1891	12	-4.5
1892	01	2.7
1892	02	-10.2
1892	03	11.1
1892	04	6.9
1892	05	10
1892	06	19.6
1892	07	7.4
1892	08	5.9
1892	09	6.3
1892	10	8.5
1892	11	-0.7
1892	12	3.7
1893	01	11.3
1893	02	7.7
1893	03	-1.4
1893	04	1.2
1893	05	-3.5
1893	06	10.7
1893	07	14
1893	08	7.8
1893	09	5.7
1893	10	7.9
1893	11	2.6
1893	12	1.6
1894	01	17.5
1894	02	10
1894	03	5.6
1894	04	-3
1894	05	-5.1
1894	06	-1.5
1894	07	-2.3
1894	08	-5.7
1894	09	-1.6
1894	10	1.8
1894	11	7.2
1894	12	0.1
1895	01	5.6
1895	02	3
1895	03	-0.3
1895	04	-7.1
1895	05	-8.2
1895	06	-4.7
1895	07	-0.4
1895	08	-6.3
1895	09	-4
1895	10	-5.6
1895	11	-8.6
1895	12	-3.5
1896	01	1.3
1896	02	4.9
1896	03	-6.3
1896	04	-8.8
1896	05	-42.2
1896	06	-30.6
1896	07	-20.6
1896	08	-22.4
1896	09	-19
1896	10	-19
1896	11	-11.9
1896	12	-14.2
1897	01	-12.5
1897	02	-7.4
1897	03	-16.6
1897	04	-17.8
1897	05	-16.9
1897	06	0.2
1897	07	-2.3
1897	08	0.8
1897	09	0.2
1897	10	1.8
1897	11	-8
1897	12	10.3
1898	01	7
1898	02	6.3
1898	03	19.2
1898	04	11.1
1898	05	-1.9
1898	06	-2.3
1898	07	6.1
1898	08	2.1
1898	09	3.2
1898	10	-0.7
1898	11	-2.7
1898	12	-0.4
1899	01	13.2
1899	02	9.1
1899	03	13.8
1899	04	4.5
1899	05	-7.4
1899	06	-10.4
1899	07	-5.6
1899	08	-10.1
1899	09	-1.6
1899	10	6.1
1899	11	15.8
1899	12	-3
1900	01	-7.3
1900	02	-6.5
1900	03	-25.3
1900	04	-18.7
1900	05	-7.4
1900	06	26.1
1900	07	10
1900	08	7.8
1900	09	-16.6
1900	10	-17.2
1900	11	-6
1900	12	-5.5
1901	01	-0.1
1901	02	3
1901	03	9.4
1901	04	4.5
1901	05	-0.3
1901	06	19.6
1901	07	14.6
1901	08	9.8
1901	09	-16
1901	10	-22.1
1901	11	-8.6
1901	12	-1.9
1902	01	17
1902	02	-2.2
1902	03	11.6
1902	04	7.8
1902	05	7.6
1902	06	2.6
1902	07	1.6
1902	08	-8.9
1902	09	-17.8
1902	10	-7.4
1902	11	-3.4
1902	12	-3
1903	01	-9.2
1903	02	-10.2
1903	03	17.6
1903	04	17.7
1903	05	7.6
1903	06	-0.6
1903	07	6.1
1903	08	0.1
1903	09	8.7
1903	10	4.2
1903	11	1.3
1903	12	15.9
1904	01	14.1
1904	02	16.2
1904	03	9.4
1904	04	31.7
1904	05	9.2
1904	06	-7.1
1904	07	-8.9
1904	08	0.8
1904	09	0.2
1904	10	1.2
1904	11	-17.2
1904	12	2.6
1905	01	-9.2
1905	02	-16.8
1905	03	-30.2
1905	04	-42.6
1905	05	-37.4
1905	06	-31.4
1905	07	-21.3
1905	08	-7.6
1905	09	-7
1905	10	-5.6
1905	11	-17.9
1905	12	-13.1
1906	01	-3.5
1906	02	-7.4
1906	03	-5.2
1906	04	-8.8
1906	05	1.3
1906	06	-3.9
1906	07	6.8
1906	08	15.5
1906	09	18.3
1906	10	9.1
1906	11	21.7
1906	12	4.7
1907	01	5.1
1907	02	1.6
1907	03	-0.3
1907	04	4.5
1907	05	10
1907	06	8.3
1907	07	-4.3
1907	08	-8.2
1907	09	0.2
1907	10	0.6
1907	11	-2
1907	12	8.8
1908	01	-10.6
1908	02	7.7
1908	03	0.2
1908	04	16.8
1908	05	-1.1
1908	06	-2.3
1908	07	2.2
1908	08	5.3
1908	09	17.7
1908	10	7.9
1908	11	2.6
1908	12	-5.5
1909	01	-2.5
1909	02	-3.2
1909	03	-0.3
1909	04	-14.5
1909	05	2.1
1909	06	22.8
1909	07	10.7
1909	08	9.8
1909	09	0.8
1909	10	4.2
1909	11	9.2
1909	12	4.7
1910	01	5.6
1910	02	15.2
1910	03	12.7
1910	04	5.3
1910	05	0.5
1910	06	22
1910	07	20.5
1910	08	9.8
1910	09	15.3
1910	10	10.3
1910	11	19.7
1910	12	15.9
1911	01	3.2
1911	02	1.6
1911	03	3.5
1911	04	2
1911	05	-8.2
1911	06	-12
1911	07	-12.8
1911	08	-12.1
1911	09	-8.8
1911	10	-11.7
1911	11	-7.3
1911	12	-1.4
1912	01	-9.7
1912	02	-17.3
1912	03	-9
1912	04	-21.1
1912	05	-13
1912	06	-6.3
1912	07	-0.4
1912	08	-7.6
1912	09	-4
1912	10	-8
1912	11	2.6
1912	12	-8
1913	01	-3.5
1913	02	-5
1913	03	1.3
1913	04	-6.3
1913	05	-8.2
1913	06	-3.9
1913	07	-1.7
1913	08	-7.6
1913	09	-9.4
1913	10	-9.2
1913	11	-11.9
1913	12	-7
1914	01	-5.4
1914	02	2
1914	03	9.4
1914	04	-14.5
1914	05	-0.3
1914	06	-16.8
1914	07	-18
1914	08	-17.2
1914	09	-12.4
1914	10	-8.6
1914	11	-11.9
1914	12	-1.4
1915	01	-21.6
1915	02	-2.2
1915	03	-20.4
1915	04	-17.8
1915	05	-12.2
1915	06	6.6
1915	07	14
1915	08	7.2
1915	09	7.5
1915	10	2.4
1915	11	-14.6
1915	12	9.8
1916	01	5.6
1916	02	-3.6
1916	03	-6.3
1916	04	-0.5
1916	05	6.8
1916	06	9.1
1916	07	25.7
1916	08	16.2
1916	09	4.5
1916	10	6.1
1916	11	9.8
1916	12	15.4
1917	01	5.1
1917	02	10
1917	03	18.1
1917	04	21.8
1917	05	21.8
1917	06	21.2
1917	07	28.3
1917	08	34.8
1917	09	29.7
1917	10	15.2
1917	11	21
1917	12	22.5
1918	01	14.6
1918	02	16.6
1918	03	-2
1918	04	16.8
1918	05	10
1918	06	-4.7
1918	07	-14.1
1918	08	-4.4
1918	09	-8.2
1918	10	-5
1918	11	1.3
1918	12	-8
1919	01	-14.9
1919	02	-11.2
1919	03	-12.8
1919	04	-3
1919	05	-7.4
1919	06	-10.4
1919	07	-8.9
1919	08	-6.9
1919	09	-5.8
1919	10	-10.5
1919	11	-11.3
1919	12	-9.1
1920	01	1.8
1920	02	-1.7
1920	03	-4.1
1920	04	0.3
1920	05	-2.7
1920	06	6.6
1920	07	9.4
1920	08	5.3
1920	09	5.1
1920	10	-4.3
1920	11	-0.1
1920	12	9.8
1921	01	10.8
1921	02	6.7
1921	03	8.9
1921	04	-7.1
1921	05	2.1
1921	06	22
1921	07	2.9
1921	08	-6.9
1921	09	5.1
1921	10	9.7
1921	11	8.5
1921	12	8.2
1922	01	8
1922	02	9.1
1922	03	5.6
1922	04	-5.5
1922	05	-5.1
1922	06	5.8
1922	07	2.2
1922	08	-1.2
1922	09	5.1
1922	10	6.1
1922	11	8.5
1922	12	11.8
1923	01	5.6
1923	02	4.4
1923	03	8.9
1923	04	8.6
1923	05	2.1
1923	06	1
1923	07	-11.5
1923	08	-18.5
1923	09	-14.8
1923	10	-6.2
1923	11	-12.6
1923	12	2.1
1924	01	-5.4
1924	02	1.1
1924	03	2.4
1924	04	-15.4
1924	05	11.5
1924	06	8.3
1924	07	7.4
1924	08	10.4
1924	09	8.1
1924	10	7.9
1924	11	11.8
1924	12	5.2
1925	01	5.6
1925	02	13.8
1925	03	14.9
1925	04	14.4
1925	05	-1.1
1925	06	-4.7
1925	07	-13.4
1925	08	-10.8
1925	09	-6.4
1925	10	-12.9
1925	11	-9.3
1925	12	-7
1926	01	-5.4
1926	02	-14.5
1926	03	-13.3
1926	04	-7.1
1926	05	-2.7
1926	06	-7.1
1926	07	-1
1926	08	-7.6
1926	09	1.4
1926	10	4.2
1926	11	1.3
1926	12	6.2
1927	01	5.1
1927	02	1.1
1927	03	18.1
1927	04	6.9
1927	05	6
1927	06	8.3
1927	07	6.1
1927	08	-5
1927	09	-0.4
1927	10	-4.3
1927	11	-8
1927	12	7.7
1928	01	-10.1
1928	02	10.5
1928	03	13.8
1928	04	11.9
1928	05	-2.7
1928	06	-7.9
1928	07	-0.4
1928	08	9.8
1928	09	8.1
1928	10	9.1
1928	11	2.6
1928	12	11.8
1929	01	16
1929	02	18
1929	03	5.1
1929	04	4.5
1929	05	-12.2
1929	06	1
1929	07	1.6
1929	08	0.1
1929	09	-0.4
1929	10	7.9
1929	11	11.1
1929	12	5.7
1930	01	12.7
1930	02	7.7
1930	03	1.8
1930	04	-3.8
1930	05	2.1
1930	06	-5.5
1930	07	-4.3
1930	08	-1.8
1930	09	-7
1930	10	3.6
1930	11	1.9
1930	12	-1.4
1931	01	7
1931	02	-14.9
1931	03	5.6
1931	04	8.6
1931	05	13.1
1931	06	18.8
1931	07	9.4
1931	08	0.1
1931	09	5.1
1931	10	-12.9
1931	11	-4.7
1931	12	4.7
1932	01	1.8
1932	02	-3.6
1932	03	-2.5
1932	04	-2.1
1932	05	2.8
1932	06	-4.7
1932	07	-5
1932	08	-6.9
1932	09	-8.8
1932	10	-4.3
1932	11	-4.7
1932	12	3.2
1933	01	-11.1
1933	02	4.9
1933	03	-2
1933	04	3.6
1933	05	6
1933	06	-3.9
1933	07	3.5
1933	08	-0.5
1933	09	2
1933	10	3.6
1933	11	7.2
1933	12	8.2
1934	01	6.5
1934	02	0.1
1934	03	0.2
1934	04	6.1
1934	05	-7.4
1934	06	10.7
1934	07	2.9
1934	08	-22.4
1934	09	-6.4
1934	10	4.2
1934	11	13.1
1934	12	-2.4
1935	01	6.5
1935	02	-4.6
1935	03	12.2
1935	04	2.8
1935	05	-6.6
1935	06	-2.3
1935	07	-0.4
1935	08	2.1
1935	09	6.3
1935	10	7.3
1935	11	3.9
1935	12	-4
1936	01	-2
1936	02	0.6
1936	03	1.8
1936	04	22.6
1936	05	4.4
1936	06	-1.5
1936	07	4.2
1936	08	-8.9
1936	09	2.6
1936	10	-0.1
1936	11	-13.9
1936	12	0.6
1937	01	9.4
1937	02	-5
1937	03	6.2
1937	04	2
1937	05	-0.3
1937	06	3.4
1937	07	-5.6
1937	08	3.3
1937	09	0.8
1937	10	-2.5
1937	11	-2
1937	12	6.7
1938	01	7.5
1938	02	3.4
1938	03	-3.6
1938	04	3.6
1938	05	13.1
1938	06	18
1938	07	18.5
1938	08	13
1938	09	7.5
1938	10	12.8
1938	11	1.9
1938	12	13.8
1939	01	17
1939	02	7.7
1939	03	11.6
1939	04	9.4
1939	05	-1.1
1939	06	-1.5
1939	07	8.1
1939	08	-0.5
1939	09	-9.4
1939	10	-14.7
1939	11	-8
1939	12	-8.6
1940	01	-0.1
1940	02	-4.1
1940	03	-10.6
1940	04	-9.6
1940	05	-14.5
1940	06	-19.3
1940	07	-15.4
1940	08	-18.5
1940	09	-19.6
1940	10	-18.4
1940	11	-6.7
1940	12	-29.4
1941	01	-9.7
1941	02	-15.4
1941	03	-10.6
1941	04	-11.2
1941	05	-6.6
1941	06	-14.4
1941	07	-20.6
1941	08	-19.1
1941	09	-8.2
1941	10	-20.2
1941	11	-9.3
1941	12	-8.6
1942	01	-13
1942	02	-3.6
1942	03	-5.8
1942	04	-5.5
1942	05	5.2
1942	06	8.3
1942	07	-1
1942	08	4
1942	09	8.7
1942	10	8.5
1942	11	-4
1942	12	13.8
1943	01	9.4
1943	02	10.5
1943	03	4
1943	04	13.5
1943	05	2.8
1943	06	-7.9
1943	07	2.9
1943	08	7.8
1943	09	5.7
1943	10	9.1
1943	11	3.9
1943	12	-8.6
1944	01	-8.2
1944	02	3.9
1944	03	5.6
1944	04	-5.5
1944	05	-1.1
1944	06	-3.9
1944	07	-8.9
1944	08	3.3
1944	09	2.6
1944	10	-8.6
1944	11	-6.7
1944	12	4.2
1945	01	5.1
1945	02	6.3
1945	03	13.2
1945	04	-7.1
1945	05	-0.3
1945	06	8.3
1945	07	3.5
1945	08	11.7
1945	09	8.7
1945	10	2.4
1945	11	-3.4
1945	12	6.7
1946	01	-2.5
1946	02	4.4
1946	03	-2
1946	04	-9.6
1946	05	-11.4
1946	06	-9.6
1946	07	-10.2
1946	08	-4.4
1946	09	-16
1946	10	-12.3
1946	11	-1.4
1946	12	-5.5
1947	01	-4.9
1947	02	-4.1
1947	03	11.6
1947	04	-4.6
1947	05	-13.7
1947	06	2.6
1947	07	9.4
1947	08	7.2
1947	09	11.7
1947	10	-1.9
1947	11	9.2
1947	12	5.2
1948	01	-3
1948	02	-2.7
1948	03	-4.1
1948	04	2.8
1948	05	3.6
1948	06	-4.7
1948	07	0.9
1948	08	-4.4
1948	09	-7.6
1948	10	6.1
1948	11	4.6
1948	12	-5.5
1949	01	-7.3
1949	02	2
1949	03	5.6
1949	04	1.2
1949	05	-5.8
1949	06	-12
1949	07	-1.7
1949	08	-4.4
1949	09	2
1949	10	5.4
1949	11	-6
1949	12	7.7
1950	01	5.1
1950	02	17.6
1950	03	17.6
1950	04	16.8
1950	05	7.6
1950	06	26.9
1950	07	21.1
1950	08	12.3
1950	09	6.9
1950	10	17.1
1950	11	12.5
1950	12	23
1951	01	16.5
1951	02	9.6
1951	03	-1.4
1951	04	-1.3
1951	05	-6.6
1951	06	5
1951	07	-8.2
1951	08	-0.5
1951	09	-7
1951	10	-8
1951	11	-3.4
1951	12	-3
1952	01	-9.2
1952	02	-7.9
1952	03	0.2
1952	04	-8.8
1952	05	6
1952	06	7.4
1952	07	3.5
1952	08	-3.7
1952	09	-3.4
1952	10	1.8
1952	11	-0.7
1952	12	-12.6
1953	01	2.2
1953	02	-6
1953	03	-5.8
1953	04	-0.5
1953	05	-31.9
1953	06	-2.3
1953	07	-1
1953	08	-17.2
1953	09	-13
1953	10	-0.1
1953	11	-2
1953	12	-4
1954	01	6
1954	02	-3.6
1954	03	-0.9
1954	04	6.9
1954	05	4.4
1954	06	-1.5
1954	07	4.2
1954	08	10.4
1954	09	4.5
1954	10	1.8
1954	11	3.9
1954	12	12.8
1955	01	-5.4
1955	02	15.2
1955	03	2.9
1955	04	-3
1955	05	13.1
1955	06	16.4
1955	07	19.2
1955	08	14.9
1955	09	14.1
1955	10	15.2
1955	11	15.1
1955	12	9.3
1956	01	11.3
1956	02	12.4
1956	03	9.4
1956	04	11.1
1956	05	17.9
1956	06	12.3
1956	07	12.6
1956	08	11
1956	09	0.2
1956	10	18.3
1956	11	1.9
1956	12	10.3
1957	01	5.6
1957	02	-2.2
1957	03	-0.9
1957	04	1.2
1957	05	-12.2
1957	06	-2.3
1957	07	0.9
1957	08	-9.5
1957	09	-10.6
1957	10	-1.3
1957	11	-11.9
1957	12	-3.5
1958	01	-16.8
1958	02	-6.9
1958	03	-1.4
1958	04	1.2
1958	05	-8.2
1958	06	0.2
1958	07	2.2
1958	08	7.8
1958	09	-3.4
1958	10	-1.9
1958	11	-4.7
1958	12	-6.5
1959	01	-8.7
1959	02	-14
1959	03	8.4
1959	04	3.6
1959	05	2.8
1959	06	-6.3
1959	07	-5
1959	08	-5
1959	09	0.2
1959	10	4.2
1959	11	11.1
1959	12	8.2
1960	01	0.3
1960	02	-2.2
1960	03	5.6
1960	04	7.8
1960	05	5.2
1960	06	-2.3
1960	07	4.8
1960	08	6.6
1960	09	6.9
1960	10	-0.7
1960	11	7.2
1960	12	6.7
1961	01	-2.5
1961	02	6.3
1961	03	-20.9
1961	04	9.4
1961	05	1.3
1961	06	-3.1
1961	07	2.2
1961	08	0.1
1961	09	0.8
1961	10	-5
1961	11	7.2
1961	12	13.8
1962	01	17
1962	02	5.3
1962	03	-1.4
1962	04	1.2
1962	05	12.3
1962	06	5
1962	07	-0.4
1962	08	4.6
1962	09	5.1
1962	10	10.3
1962	11	5.2
1962	12	0.6
1963	01	9.4
1963	02	3
1963	03	7.3
1963	04	6.1
1963	05	2.8
1963	06	-9.6
1963	07	-1
1963	08	-2.4
1963	09	-5.2
1963	10	-12.9
1963	11	-9.3
1963	12	-11.6
1964	01	-4
1964	02	-0.3
1964	03	8.4
1964	04	13.5
1964	05	2.8
1964	06	7.4
1964	07	6.8
1964	08	14.3
1964	09	14.1
1964	10	12.8
1964	11	2.6
1964	12	-3
1965	01	-4
1965	02	1.6
1965	03	2.9
1965	04	-12.9
1965	05	-0.3
1965	06	-12.8
1965	07	-22.6
1965	08	-11.4
1965	09	-14.2
1965	10	-11.1
1965	11	-17.9
1965	12	1.6
1966	01	-12
1966	02	-4.1
1966	03	-13.9
1966	04	-7.1
1966	05	-9
1966	06	1
1966	07	-1
1966	08	4
1966	09	-2.2
1966	10	-2.5
1966	11	-0.1
1966	12	-4
1967	01	14.6
1967	02	12.9
1967	03	7.8
1967	04	-3
1967	05	-3.5
1967	06	6.6
1967	07	1.6
1967	08	5.9
1967	09	5.1
1967	10	-0.1
1967	11	-4
1967	12	-5.5
1968	01	4.1
1968	02	9.6
1968	03	-3
1968	04	-3
1968	05	14.7
1968	06	12.3
1968	07	7.4
1968	08	0.1
1968	09	-2.8
1968	10	-1.9
1968	11	-3.4
1968	12	2.1
1969	01	-13.5
1969	02	-6.9
1969	03	1.8
1969	04	-8.8
1969	05	-6.6
1969	06	-0.6
1969	07	-6.9
1969	08	-4.4
1969	09	-10.6
1969	10	-11.7
1969	11	-0.1
1969	12	3.7
1970	01	-10.1
1970	02	-10.7
1970	03	1.8
1970	04	-4.6
1970	05	2.1
1970	06	9.9
1970	07	-5.6
1970	08	4
1970	09	12.9
1970	10	10.3
1970	11	19.7
1970	12	17.4
1971	01	2.7
1971	02	15.7
1971	03	19.2
1971	04	22.6
1971	05	9.2
1971	06	2.6
1971	07	1.6
1971	08	14.9
1971	09	15.9
1971	10	17.7
1971	11	7.2
1971	12	2.1
1972	01	3.7
1972	02	8.2
1972	03	2.4
1972	04	-5.5
1972	05	-16.1
1972	06	-12
1972	07	-18.6
1972	08	-8.9
1972	09	-14.8
1972	10	-11.1
1972	11	-3.4
1972	12	-12.1
1973	01	-3
1973	02	-13.5
1973	03	0.8
1973	04	-2.1
1973	05	2.8
1973	06	12.3
1973	07	6.1
1973	08	12.3
1973	09	13.5
1973	10	9.7
1973	11	31.6
1973	12	16.9
1974	01	20.8
1974	02	16.2
1974	03	20.3
1974	04	11.1
1974	05	10.7
1974	06	2.6
1974	07	12
1974	08	6.6
1974	09	12.3
1974	10	8.5
1974	11	-1.4
1974	12	-0.9
1975	01	-4.9
1975	02	5.3
1975	03	11.6
1975	04	14.4
1975	05	6
1975	06	15.5
1975	07	21.1
1975	08	20.7
1975	09	22.5
1975	10	17.7
1975	11	13.8
1975	12	19.5
1976	01	11.8
1976	02	12.9
1976	03	13.2
1976	04	1.2
1976	05	2.1
1976	06	0.2
1976	07	-12.8
1976	08	-12.1
1976	09	-13
1976	10	3
1976	11	9.8
1976	12	-3
1977	01	-4
1977	02	7.7
1977	03	-9.5
1977	04	-9.6
1977	05	-11.4
1977	06	-17.7
1977	07	-14.7
1977	08	-12.1
1977	09	-9.4
1977	10	-12.9
1977	11	-14.6
1977	12	-10.6
1978	01	-3
1978	02	-24.4
1978	03	-5.8
1978	04	-7.9
1978	05	16.3
1978	06	5.8
1978	07	6.1
1978	08	1.4
1978	09	0.8
1978	10	-6.2
1978	11	-2
1978	12	-0.9
1979	01	-4
1979	02	6.7
1979	03	-3
1979	04	-5.5
1979	05	3.6
1979	06	5.8
1979	07	-8.2
1979	08	-5
1979	09	1.4
1979	10	-2.5
1979	11	-4.7
1979	12	-7.5
1980	01	3.2
1980	02	1.1
1980	03	-8.5
1980	04	-12.9
1980	05	-3.5
1980	06	-4.7
1980	07	-1.7
1980	08	1.4
1980	09	-5.2
1980	10	-1.9
1980	11	-3.4
1980	12	-0.9
1981	01	2.7
1981	02	-3.2
1981	03	-16.6
1981	04	-5.5
1981	05	7.6
1981	06	11.5
1981	07	9.4
1981	08	5.9
1981	09	7.5
1981	10	-5
1981	11	2.6
1981	12	4.7
1982	01	9.4
1982	02	0.6
1982	03	2.4
1982	04	-3.8
1982	05	-8.2
1982	06	-20.1
1982	07	-19.3
1982	08	-23.6
1982	09	-21.4
1982	10	-20.2
1982	11	-31.1
1982	12	-21.3
1983	01	-30.6
1983	02	-33.3
1983	03	-28
1983	04	-17
1983	05	6
1983	06	-3.1
1983	07	-7.6
1983	08	0.1
1983	09	9.9
1983	10	4.2
1983	11	-0.7
1983	12	0.1
1984	01	1.3
1984	02	5.8
1984	03	-5.8
1984	04	2
1984	05	-0.3
1984	06	-8.7
1984	07	2.2
1984	08	2.7
1984	09	2
1984	10	-5
1984	11	3.9
1984	12	-1.4
1985	01	-3.5
1985	02	6.7
1985	03	-2
1985	04	14.4
1985	05	2.8
1985	06	-9.6
1985	07	-2.3
1985	08	8.5
1985	09	0.2
1985	10	-5.6
1985	11	-1.4
1985	12	2.1
1986	01	8
1986	02	-10.7
1986	03	0.8
1986	04	1.2
1986	05	-6.6
1986	06	10.7
1986	07	2.2
1986	08	-7.6
1986	09	-5.2
1986	10	6.1
1986	11	-13.9
1986	12	-13.6
1987	01	-6.3
1987	02	-12.6
1987	03	-16.6
1987	04	-24.4
1987	05	-21.6
1987	06	-20.1
1987	07	-18.6
1987	08	-14
1987	09	-11.2
1987	10	-5.6
1987	11	-1.4
1987	12	-4.5
1988	01	-1.1
1988	02	-5
1988	03	2.4
1988	04	-1.3
1988	05	10
1988	06	-3.9
1988	07	11.3
1988	08	14.9
1988	09	20.1
1988	10	14.6
1988	11	21
1988	12	10.8
1989	01	13.2
1989	02	9.1
1989	03	6.7
1989	04	21
1989	05	14.7
1989	06	7.4
1989	07	9.4
1989	08	-6.3
1989	09	5.7
1989	10	7.3
1989	11	-2
1989	12	-5
1990	01	-1.1
1990	02	-17.3
1990	03	-8.5
1990	04	-0.5
1990	05	13.1
1990	06	1
1990	07	5.5
1990	08	-5
1990	09	-7.6
1990	10	1.8
1990	11	-5.3
1990	12	-2.4
1991	01	5.1
1991	02	0.6
1991	03	-10.6
1991	04	-12.9
1991	05	-19.3
1991	06	-5.5
1991	07	-1.7
1991	08	-7.6
1991	09	-16.6
1991	10	-12.9
1991	11	-7.3
1991	12	-16.7
1992	01	-25.4
1992	02	-9.3
1992	03	-24.2
1992	04	-18.7
1992	05	0.5
1992	06	-12.8
1992	07	-6.9
1992	08	1.4
1992	09	0.8
1992	10	-17.2
1992	11	-7.3
1992	12	-5.5
1993	01	-8.2
1993	02	-7.9
1993	03	-8.5
1993	04	-21.1
1993	05	-8.2
1993	06	-16
1993	07	-10.8
1993	08	-14
1993	09	-7.6
1993	10	-13.5
1993	11	0.6
1993	12	1.6
1994	01	-1.6
1994	02	0.6
1994	03	-10.6
1994	04	-22.8
1994	05	-13
1994	06	-10.4
1994	07	-18
1994	08	-17.2
1994	09	-17.2
1994	10	-14.1
1994	11	-7.3
1994	12	-11.6
1995	01	-4
1995	02	-2.7
1995	03	3.5
1995	04	-16.2
1995	05	-9
1995	06	-1.5
1995	07	4.2
1995	08	0.8
1995	09	3.2
1995	10	-1.3
1995	11	1.3
1995	12	-5.5
1996	01	8.4
1996	02	1.1
1996	03	6.2
1996	04	7.8
1996	05	1.3
1996	06	13.9
1996	07	6.8
1996	08	4.6
1996	09	6.9
1996	10	4.2
1996	11	-0.1
1996	12	7.2
1997	01	4.1
1997	02	13.3
1997	03	-8.5
1997	04	-16.2
1997	05	-22.4
1997	06	-24.1
1997	07	-9.5
1997	08	-19.8
1997	09	-14.8
1997	10	-17.8
1997	11	-15.2
1997	12	-9.1
1998	01	-23.5
1998	02	-19.2
1998	03	-28.5
1998	04	-24.4
1998	05	0.5
1998	06	9.9
1998	07	14.6
1998	08	9.8
1998	09	11.1
1998	10	10.9
1998	11	12.5
1998	12	13.3
1999	01	15.6
1999	02	8.6
1999	03	8.9
1999	04	18.5
1999	05	1.3
1999	06	1
1999	07	4.8
1999	08	2.1
1999	09	-0.4
1999	10	9.1
1999	11	13.1
1999	12	12.8
2000	01	5.1
2000	02	12.9
2000	03	9.4
2000	04	16.8
2000	05	3.6
2000	06	-5.5
2000	07	-3.7
2000	08	5.3
2000	09	9.9
2000	10	9.7
2000	11	22.4
2000	12	7.7
2001	01	8.4
2001	02	11.9
2001	03	6.7
2001	04	0.3
2001	05	-9
2001	06	1.8
2001	07	-3.7
2001	08	-8.2
2001	09	1.4
2001	10	-1.9
2001	11	7.2
2001	12	-9.1
2002	01	2.7
2002	02	7.7
2002	03	-5.2
2002	04	-3.8
2002	05	-14.5
2002	06	-6.3
2002	07	-7.6
2002	08	-14.6
2002	09	-8.2
2002	10	-7.4
2002	11	-6
2002	12	-10.6
2003	01	-2
2003	02	-7.4
2003	03	-6.8
2003	04	-5.5
2003	05	-7.4
2003	06	-12
2003	07	2.9
2003	08	-1.8
2003	09	-2.2
2003	10	-1.9
2003	11	-3.4
2003	12	9.3
2004	01	-11.6
2004	02	9.1
2004	03	0.2
2004	04	-15.4
2004	05	13.1
2004	06	-15.2
2004	07	-6.9
2004	08	-7.6
2004	09	-2.8
2004	10	-3.7
2004	11	-8.6
2004	12	-8
2005	01	1.8
2005	02	-28.6
2005	03	0.2
2005	04	-11.2
2005	05	-14.5
2005	06	2.6
2005	07	0.9
2005	08	-6.9
2005	09	3.9
2005	10	10.9
2005	11	-2
2005	12	0.1
2006	01	12.7
2006	02	0.1
2006	03	13.8
2006	04	14.4
2006	05	-9.8
2006	06	-6.3
2006	07	-7.6
2006	08	-15.9
2006	09	-5.8
2006	10	-16
2006	11	-1.4
2006	12	-3.5
2007	01	-7.8
2007	02	-2.7
2007	03	-1.4
2007	04	-3
2007	05	-2.7
2007	06	5
2007	07	-5
2007	08	2.7
2007	09	1.4
2007	10	5.4
2007	11	9.2
2007	12	14.4
2008	01	14.1
2008	02	21.3
2008	03	12.2
2008	04	4.5
2008	05	-3.5
2008	06	4.2
2008	07	2.2
2008	08	9.1
2008	09	13.5
2008	10	13.4
2008	11	17.1
2008	12	13.3
2009	01	9.4
2009	02	14.8
2009	03	0.2
2009	04	8.6
2009	05	-7.4
2009	06	-2.3
2009	07	1.6
2009	08	-5
2009	09	3.9
2009	10	-14.7
2009	11	-6
2009	12	-7
2010	01	-10.1
2010	02	-14.5
2010	03	-10.6
2010	04	15.2
2010	05	10
2010	06	1.8
2010	07	20.5
2010	08	18.8
2010	09	24.9
2010	10	18.3
2010	11	16.4
2010	12	27.1
2011	01	19.9
2011	02	22.3
2011	03	21.4
2011	04	25.1
2011	05	2.1
2011	06	0.2
2011	07	10.7
2011	08	2.1
2011	09	11.7
2011	10	7.3
2011	11	13.8
2011	12	23
2012	01	9.4
2012	02	2.5
2012	03	2.9
2012	04	-7.1
2012	05	-2.7
2012	06	-10.4
2012	07	-1.7
2012	08	-5
2012	09	2.6
2012	10	2.4
2012	11	3.9
2012	12	-6
2013	01	-1.1
2013	02	-3.6
2013	03	10.5
2013	04	0.3
2013	05	8.4
2013	06	13.9
2013	07	8.1
2013	08	-0.5
2013	09	3.9
2013	10	-1.9
2013	11	9.2
2013	12	0.6
2014	01	12.2
2014	02	-1.3
2014	03	-13.3
2014	04	8.6
2014	05	4.4
2014	06	-1.5
2014	07	-3
2014	08	-11.4
2014	09	-7.6
2014	10	-8
2014	11	-10
2014	12	-5.5
2015	01	-7.8
2015	02	0.6
2015	03	-11.2
2015	04	-3.8
2015	05	-13.7
2015	06	-12
2015	07	-14.7
2015	08	-19.8
2015	09	-17.8
2015	10	-20.2
2015	11	-5.3
2015	12	-9.1
2016	01	-19.7
2016	02	-19.7
2016	03	-4.7
